## begin version 0.98 source file header             
## generated at 20
## from output of MCNPX case mctal, described as:   
## mcnpx      2.6.0  01/20/19 16:04:13   41   40000000  5009152019712
##  allph cylindrical para hydrogen moderator                                      
## Pulse shapes are as calculated with current tally for moderator
## 
## headerend
##
## section 1 key
## output reported is for 10x12 viewed area.       
## normalized to  2.2408e+14 p/pulse and  1.300 GeV
## Energy given is center of the bin in a logarithmic
## sense, and wavelength is for that energy.         
## There are 141 points.
## 
##  Energy     Wavelength      Flux      Std. Error      Flux      Std. Error        Peak Flux                Pulse Time      FWHM pulse width      RMS pulse width
##    E             l          f(E)         s(E)         f(l)         s(l)           pf(E)                    pt(E)           fwhm                  rms
##    eV        Angstroms      n/sterad/pulse/eV         n/sterad/pulse/Angstrom     n/sterad/pulse/Angstrom  us              us                    us
##
  1.0000e-05   9.0441e+01   6.1822e+12   2.1743e+11   1.3671e+06   4.8083e+04   1.2393e+10   2.1170e+02   3.8468e+02   3.5732e+02
  1.0593e-05   8.7875e+01   7.1646e+12   6.7916e+11   1.7272e+06   1.6373e+05   2.2997e+10   2.1170e+02   3.0189e+02   3.5826e+02
  1.1885e-05   8.2959e+01   7.0288e+12   6.1120e+11   2.0139e+06   1.7513e+05   2.8166e+10   2.6651e+02   1.4080e+02   3.6198e+02
  1.3335e-05   7.8319e+01   7.1531e+12   6.8987e+11   2.4359e+06   2.3493e+05   2.0992e+10   1.4987e+02   2.7514e+02   3.4066e+02
  1.4962e-05   7.3938e+01   8.1703e+12   6.4017e+11   3.3068e+06   2.5909e+05   5.0900e+10   1.1905e+01   0.0000e+00   3.5170e+02
  1.6788e-05   6.9802e+01   9.6719e+12   6.5975e+11   4.6524e+06   3.1735e+05   2.3119e+10   3.3552e+02   2.9460e+02   3.2590e+02
  1.8836e-05   6.5897e+01   9.7894e+12   6.0599e+11   5.5965e+06   3.4644e+05   2.2850e+10   3.3552e+02   3.7862e+02   3.3640e+02
  2.1135e-05   6.2211e+01   1.2326e+13   6.5418e+11   8.3750e+06   4.4449e+05   2.8495e+10   3.3552e+02   3.5169e+02   3.4196e+02
  2.3714e-05   5.8731e+01   1.3948e+13   6.7507e+11   1.1263e+07   5.4515e+05   3.3381e+10   2.9903e+02   3.6161e+02   3.3420e+02
  2.6607e-05   5.5445e+01   1.6537e+13   7.1532e+11   1.5871e+07   6.8653e+05   3.6373e+10   2.1170e+02   4.3749e+02   3.3898e+02
  2.9854e-05   5.2344e+01   1.6254e+13   6.3361e+11   1.8540e+07   7.2274e+05   4.0753e+10   1.4987e+02   3.5020e+02   3.3262e+02
  3.3497e-05   4.9416e+01   1.8792e+13   6.7839e+11   2.5477e+07   9.1969e+05   3.9003e+10   2.1170e+02   3.9288e+02   3.4771e+02
  3.7584e-05   4.6652e+01   2.0390e+13   6.5583e+11   3.2853e+07   1.0567e+06   4.2471e+10   2.3753e+02   3.9656e+02   3.2470e+02
  4.2170e-05   4.4042e+01   2.1263e+13   6.4098e+11   4.0718e+07   1.2275e+06   4.5171e+10   2.9903e+02   3.8638e+02   3.3104e+02
  4.7315e-05   4.1578e+01   2.4267e+13   6.6092e+11   5.5230e+07   1.5042e+06   4.3347e+10   2.6651e+02   5.2169e+02   3.2425e+02
  5.3088e-05   3.9252e+01   2.9312e+13   6.7253e+11   7.9288e+07   1.8192e+06   5.6093e+10   2.3753e+02   4.6153e+02   3.1756e+02
  5.9566e-05   3.7057e+01   3.5762e+13   7.0852e+11   1.1497e+08   2.2778e+06   6.3248e+10   2.6651e+02   4.7961e+02   3.0744e+02
  6.6834e-05   3.4984e+01   3.9447e+13   7.0403e+11   1.5072e+08   2.6900e+06   7.1463e+10   2.6651e+02   4.5130e+02   3.0093e+02
  7.4989e-05   3.3027e+01   4.6644e+13   7.4491e+11   2.1182e+08   3.3827e+06   8.3814e+10   2.3753e+02   4.8135e+02   2.9743e+02
  8.4140e-05   3.1179e+01   5.3123e+13   7.6113e+11   2.8671e+08   4.1079e+06   8.9209e+10   2.1170e+02   5.3663e+02   2.9136e+02
  9.4406e-05   2.9435e+01   5.8719e+13   7.6175e+11   3.7665e+08   4.8863e+06   9.7721e+10   2.6651e+02   5.3561e+02   2.8466e+02
  1.0593e-04   2.7789e+01   5.7603e+13   7.0891e+11   4.3915e+08   5.4045e+06   9.5935e+10   1.6816e+02   5.2231e+02   2.7914e+02
  1.1885e-04   2.6234e+01   6.4774e+13   7.3069e+11   5.8691e+08   6.6206e+06   1.1918e+11   2.6651e+02   5.0654e+02   2.7088e+02
  1.3335e-04   2.4767e+01   6.7326e+13   7.0686e+11   7.2502e+08   7.6120e+06   1.1709e+11   2.6651e+02   5.3191e+02   2.6901e+02
  1.4962e-04   2.3381e+01   7.4783e+13   7.1016e+11   9.5712e+08   9.0891e+06   1.3099e+11   1.8868e+02   5.2034e+02   2.6073e+02
  1.6788e-04   2.2073e+01   8.9144e+13   7.3966e+11   1.3560e+09   1.1251e+07   1.6436e+11   2.6651e+02   4.8678e+02   2.5213e+02
  1.8836e-04   2.0838e+01   1.0387e+14   7.5740e+11   1.8779e+09   1.3693e+07   1.9229e+11   2.1170e+02   4.9275e+02   2.4817e+02
  2.1135e-04   1.9673e+01   1.1307e+14   7.5173e+11   2.4296e+09   1.6152e+07   2.0907e+11   2.9903e+02   4.8834e+02   2.4207e+02
  2.3714e-04   1.8572e+01   1.2598e+14   7.6049e+11   3.2172e+09   1.9420e+07   2.3214e+11   2.6651e+02   5.0086e+02   2.3471e+02
  2.6607e-04   1.7533e+01   1.3642e+14   7.5170e+11   4.1405e+09   2.2814e+07   2.5480e+11   2.3753e+02   4.8435e+02   2.3091e+02
  2.9854e-04   1.6553e+01   1.4141e+14   7.3189e+11   5.1010e+09   2.6400e+07   2.7144e+11   2.3753e+02   4.8488e+02   2.2759e+02
  3.3497e-04   1.5627e+01   1.4848e+14   7.1786e+11   6.3654e+09   3.0775e+07   3.0220e+11   2.3753e+02   4.5257e+02   2.2034e+02
  3.7584e-04   1.4753e+01   1.5899e+14   7.0679e+11   8.1009e+09   3.6012e+07   3.2405e+11   2.1170e+02   4.4272e+02   2.1774e+02
  4.2170e-04   1.3927e+01   1.8329e+14   7.2629e+11   1.1099e+10   4.3982e+07   3.8389e+11   2.6651e+02   4.3053e+02   2.1396e+02
  4.7315e-04   1.3148e+01   2.0293e+14   7.2630e+11   1.4606e+10   5.2273e+07   4.3144e+11   2.1170e+02   4.1567e+02   2.0987e+02
  5.3088e-04   1.2413e+01   2.2068e+14   7.2439e+11   1.8876e+10   6.1963e+07   4.7770e+11   2.1170e+02   4.0538e+02   2.0493e+02
  5.9566e-04   1.1718e+01   2.2794e+14   7.0039e+11   2.3173e+10   7.1204e+07   5.1845e+11   2.1170e+02   3.9261e+02   2.0237e+02
  6.6834e-04   1.1063e+01   2.5182e+14   7.0500e+11   3.0427e+10   8.5183e+07   5.8465e+11   2.1170e+02   3.7498e+02   1.9912e+02
  7.4989e-04   1.0444e+01   2.7217e+14   6.9541e+11   3.9085e+10   9.9863e+07   6.5515e+11   2.3753e+02   3.5751e+02   1.9596e+02
  8.4140e-04   9.8598e+00   2.9576e+14   6.9286e+11   5.0478e+10   1.1825e+08   7.2767e+11   2.3753e+02   3.4607e+02   1.9334e+02
  9.4406e-04   9.3082e+00   3.1504e+14   6.8041e+11   6.3904e+10   1.3802e+08   7.9475e+11   2.3753e+02   3.3327e+02   1.9088e+02
  1.0593e-03   8.7875e+00   3.3643e+14   6.6856e+11   8.1106e+10   1.6118e+08   8.8859e+11   1.8868e+02   3.1463e+02   1.8883e+02
  1.1885e-03   8.2959e+00   3.5804e+14   6.5841e+11   1.0259e+11   1.8865e+08   9.6679e+11   1.8868e+02   3.0983e+02   1.8677e+02
  1.3335e-03   7.8319e+00   3.7790e+14   6.4201e+11   1.2869e+11   2.1863e+08   1.0517e+12   2.1170e+02   2.9634e+02   1.8488e+02
  1.4962e-03   7.3938e+00   3.9744e+14   6.2585e+11   1.6085e+11   2.5330e+08   1.1432e+12   1.8868e+02   2.8255e+02   1.8342e+02
  1.6788e-03   6.9802e+00   4.1283e+14   6.0412e+11   1.9858e+11   2.9059e+08   1.2233e+12   1.8868e+02   2.7419e+02   1.8131e+02
  1.8836e-03   6.5897e+00   4.2729e+14   5.8201e+11   2.4428e+11   3.3273e+08   1.2967e+12   1.6816e+02   2.6305e+02   1.8026e+02
  2.1135e-03   6.2211e+00   4.4195e+14   5.5911e+11   3.0029e+11   3.7989e+08   1.3882e+12   1.6816e+02   2.5497e+02   1.7937e+02
  2.3714e-03   5.8731e+00   4.5426e+14   5.3768e+11   3.6683e+11   4.3420e+08   1.4772e+12   1.4987e+02   2.4430e+02   1.7816e+02
  2.6607e-03   5.5445e+00   4.6728e+14   5.1739e+11   4.4848e+11   4.9657e+08   1.5659e+12   1.4987e+02   2.3400e+02   1.7681e+02
  2.9854e-03   5.2344e+00   4.7729e+14   4.9532e+11   5.4444e+11   5.6501e+08   1.6359e+12   1.4987e+02   2.2826e+02   1.7595e+02
  3.3497e-03   4.9416e+00   4.8777e+14   4.8043e+11   6.6127e+11   6.5132e+08   1.7294e+12   1.4987e+02   2.1998e+02   1.7489e+02
  3.7584e-03   4.6652e+00   4.8453e+14   4.7698e+11   7.8070e+11   7.6853e+08   1.7504e+12   1.3357e+02   2.1287e+02   1.7460e+02
  4.2170e-03   4.4042e+00   4.8156e+14   4.4425e+11   9.2218e+11   8.5073e+08   1.8076e+12   1.3357e+02   2.0307e+02   1.7339e+02
  4.7315e-03   4.1578e+00   4.9104e+14   4.3252e+11   1.1176e+12   9.8439e+08   1.8962e+12   1.3357e+02   1.9742e+02   1.7252e+02
  5.3088e-03   3.9252e+00   4.8654e+14   4.1298e+11   1.3161e+12   1.1171e+09   1.9176e+12   1.1905e+02   1.9169e+02   1.7183e+02
  5.9566e-03   3.7057e+00   4.8836e+14   3.9669e+11   1.5700e+12   1.2753e+09   1.9839e+12   1.1905e+02   1.8363e+02   1.7117e+02
  6.6834e-03   3.4984e+00   4.8501e+14   3.8289e+11   1.8532e+12   1.4630e+09   2.0505e+12   1.1905e+02   1.7530e+02   1.7011e+02
  7.4989e-03   3.3027e+00   4.7438e+14   3.6625e+11   2.1542e+12   1.6632e+09   2.0663e+12   1.0610e+02   1.6842e+02   1.6952e+02
  8.4140e-03   3.1179e+00   4.5832e+14   3.4987e+11   2.4736e+12   1.8883e+09   2.0589e+12   1.0610e+02   1.6097e+02   1.6908e+02
  9.4406e-03   2.9435e+00   4.4014e+14   3.3417e+11   2.8233e+12   2.1435e+09   2.0367e+12   9.4563e+01   1.5460e+02   1.6813e+02
  1.0593e-02   2.7789e+00   4.0999e+14   3.0830e+11   3.1256e+12   2.3504e+09   1.9522e+12   9.4563e+01   1.4775e+02   1.6771e+02
  1.1885e-02   2.6234e+00   3.7809e+14   2.8698e+11   3.4258e+12   2.6003e+09   1.8840e+12   8.4279e+01   1.3983e+02   1.6704e+02
  1.3335e-02   2.4767e+00   3.2841e+14   2.5644e+11   3.5366e+12   2.7615e+09   1.6847e+12   7.5114e+01   1.3270e+02   1.6614e+02
  1.4962e-02   2.3381e+00   2.3726e+14   2.0108e+11   3.0366e+12   2.5736e+09   1.2612e+12   6.6945e+01   1.2653e+02   1.6554e+02
  1.6788e-02   2.2073e+00   1.5569e+14   1.5270e+11   2.3682e+12   2.3228e+09   9.0011e+11   4.2240e+01   1.1081e+02   1.6435e+02
  1.8836e-02   2.0838e+00   1.0874e+14   1.2150e+11   1.9659e+12   2.1965e+09   6.9979e+11   3.3552e+01   9.3640e+01   1.6372e+02
  2.1135e-02   1.9673e+00   7.8139e+13   9.9684e+10   1.6789e+12   2.1418e+09   5.7446e+11   2.6651e+01   7.4517e+01   1.6289e+02
  2.3714e-02   1.8572e+00   5.4612e+13   8.0802e+10   1.3946e+12   2.0634e+09   4.8042e+11   2.1170e+01   5.5652e+01   1.6192e+02
  2.6607e-02   1.7533e+00   3.9308e+13   6.7140e+10   1.1930e+12   2.0377e+09   4.0492e+11   1.8868e+01   4.0998e+01   1.6142e+02
  2.9854e-02   1.6553e+00   2.8768e+13   5.6027e+10   1.0377e+12   2.0210e+09   3.4836e+11   1.4987e+01   3.1631e+01   1.6010e+02
  3.3497e-02   1.5627e+00   2.1437e+13   4.7343e+10   9.1905e+11   2.0297e+09   2.9670e+11   1.3357e+01   2.5703e+01   1.6063e+02
  3.7584e-02   1.4753e+00   1.6246e+13   4.0249e+10   8.2777e+11   2.0508e+09   2.6119e+11   1.3357e+01   2.1419e+01   1.5830e+02
  4.2170e-02   1.3927e+00   1.2476e+13   3.5475e+10   7.5552e+11   2.1483e+09   2.2832e+11   1.1905e+01   1.7971e+01   1.5790e+02
  4.7315e-02   1.3148e+00   9.7531e+12   3.0106e+10   7.0195e+11   2.1668e+09   2.0267e+11   1.0610e+01   1.6182e+01   1.5545e+02
  5.3088e-02   1.2413e+00   7.6123e+12   2.5762e+10   6.5115e+11   2.2036e+09   1.8452e+11   8.4279e+00   1.4785e+01   1.5419e+02
  5.9566e-02   1.1718e+00   6.0547e+12   2.2618e+10   6.1554e+11   2.2994e+09   1.7194e+11   9.4563e+00   1.2878e+01   1.5138e+02
  6.6834e-02   1.1063e+00   4.8090e+12   1.9326e+10   5.8105e+11   2.3351e+09   1.5789e+11   8.4279e+00   1.2295e+01   1.4556e+02
  7.4989e-02   1.0444e+00   3.9168e+12   1.7257e+10   5.6246e+11   2.4781e+09   1.4993e+11   7.5114e+00   1.1101e+01   1.4292e+02
  8.4140e-02   9.8598e-01   3.1557e+12   1.5031e+10   5.3859e+11   2.5654e+09   1.3714e+11   8.4279e+00   1.0823e+01   1.3612e+02
  9.4406e-02   9.3082e-01   2.5723e+12   1.3521e+10   5.2177e+11   2.7427e+09   1.3046e+11   6.6945e+00   9.9774e+00   1.2828e+02
  1.0593e-01   8.7875e-01   2.1362e+12   1.2001e+10   5.1500e+11   2.8932e+09   1.3048e+11   7.5114e+00   9.1145e+00   1.1679e+02
  1.1885e-01   8.2959e-01   1.7872e+12   1.0694e+10   5.1207e+11   3.0642e+09   1.2911e+11   5.9665e+00   8.5858e+00   1.0524e+02
  1.3335e-01   7.8319e-01   1.5197e+12   9.6853e+09   5.1752e+11   3.2982e+09   1.2263e+11   6.6945e+00   8.2769e+00   8.9230e+01
  1.4962e-01   7.3938e-01   1.2708e+12   9.0242e+09   5.1434e+11   3.6523e+09   1.1752e+11   5.3176e+00   7.3128e+00   7.8249e+01
  1.6788e-01   6.9802e-01   1.0891e+12   8.0551e+09   5.2390e+11   3.8747e+09   1.1184e+11   4.7394e+00   7.2088e+00   5.7516e+01
  1.8836e-01   6.5897e-01   9.0445e+11   6.9314e+09   5.1707e+11   3.9627e+09   1.0142e+11   5.3176e+00   6.9843e+00   4.3952e+01
  2.1135e-01   6.2211e-01   7.5473e+11   6.0627e+09   5.1281e+11   4.1193e+09   9.3301e+10   5.3176e+00   6.3219e+00   3.3898e+01
  2.3714e-01   5.8731e-01   6.3370e+11   5.3912e+09   5.1174e+11   4.3536e+09   8.4530e+10   4.7394e+00   6.0222e+00   2.1150e+01
  2.6607e-01   5.5445e-01   5.3244e+11   4.8515e+09   5.1102e+11   4.6563e+09   7.6037e+10   3.7646e+00   5.5730e+00   1.8257e+01
  2.9854e-01   5.2344e-01   4.6270e+11   4.4153e+09   5.2779e+11   5.0364e+09   7.1774e+10   4.2240e+00   5.2554e+00   9.9418e+00
  3.3497e-01   4.9416e-01   4.2109e+11   3.7621e+09   5.7087e+11   5.1002e+09   6.8916e+10   4.2240e+00   4.9421e+00   5.1111e+00
  3.7584e-01   4.6652e-01   3.8049e+11   3.3175e+09   6.1306e+11   5.3454e+09   6.8311e+10   3.3552e+00   4.5605e+00   4.1092e+00
  4.2170e-01   4.4042e-01   3.2819e+11   2.5453e+09   6.2848e+11   4.8742e+09   6.0870e+10   3.3552e+00   4.3925e+00   3.4180e+00
  4.7315e-01   4.1578e-01   3.4455e+11   2.2211e+09   7.8419e+11   5.0550e+09   6.2709e+10   2.9903e+00   4.3903e+00   3.2309e+00
  5.3088e-01   3.9252e-01   3.1067e+11   2.0128e+09   8.4035e+11   5.4446e+09   6.1555e+10   2.9903e+00   4.1409e+00   3.0370e+00
  5.9566e-01   3.7057e-01   2.7186e+11   1.7615e+09   8.7399e+11   5.6631e+09   5.6175e+10   2.9903e+00   3.9687e+00   2.8835e+00
  6.6834e-01   3.4984e-01   2.4394e+11   1.5665e+09   9.3206e+11   5.9855e+09   5.3008e+10   2.9903e+00   3.8090e+00   2.6668e+00
  7.4989e-01   3.3027e-01   2.1744e+11   1.4021e+09   9.8740e+11   6.3672e+09   5.1691e+10   2.6651e+00   3.3728e+00   2.5744e+00
  8.4140e-01   3.1179e-01   1.9678e+11   1.2744e+09   1.0621e+12   6.8780e+09   4.9618e+10   2.6651e+00   3.2459e+00   2.3912e+00
  9.4406e-01   2.9435e-01   1.7260e+11   1.2065e+09   1.1071e+12   7.7390e+09   4.6501e+10   2.6651e+00   2.8750e+00   2.2804e+00
  1.0593e+00   2.7789e-01   1.5426e+11   9.9421e+08   1.1761e+12   7.5796e+09   4.2880e+10   2.3753e+00   2.8065e+00   2.1292e+00
  1.1885e+00   2.6234e-01   1.3685e+11   8.9874e+08   1.2400e+12   8.1433e+09   4.0241e+10   2.3753e+00   2.7265e+00   2.0101e+00
  1.3335e+00   2.4767e-01   1.2112e+11   7.7678e+08   1.3043e+12   8.3649e+09   3.7984e+10   2.1170e+00   2.5880e+00   1.9507e+00
  1.4962e+00   2.3381e-01   1.0936e+11   7.9483e+08   1.3996e+12   1.0173e+10   3.7518e+10   1.8868e+00   2.3466e+00   1.7815e+00
  1.6788e+00   2.2073e-01   9.8068e+10   6.3620e+08   1.4917e+12   9.6773e+09   3.5255e+10   1.8868e+00   2.2756e+00   1.7043e+00
  1.8836e+00   2.0838e-01   8.6510e+10   5.5863e+08   1.5640e+12   1.0099e+10   3.2108e+10   1.6816e+00   2.1946e+00   1.6338e+00
  2.1135e+00   1.9673e-01   7.7857e+10   5.0120e+08   1.6729e+12   1.0769e+10   3.0313e+10   1.4987e+00   2.0526e+00   1.6424e+00
  2.3714e+00   1.8572e-01   6.8829e+10   4.4742e+08   1.7577e+12   1.1426e+10   2.8807e+10   1.4987e+00   1.9586e+00   1.4607e+00
  2.6607e+00   1.7533e-01   6.0475e+10   3.9103e+08   1.8354e+12   1.1868e+10   2.7314e+10   1.3357e+00   1.8003e+00   1.3935e+00
  2.9854e+00   1.6553e-01   5.4754e+10   4.4405e+08   1.9751e+12   1.6017e+10   2.6930e+10   1.3357e+00   1.6290e+00   1.2758e+00
  3.3497e+00   1.5627e-01   4.8985e+10   3.2031e+08   2.1000e+12   1.3732e+10   2.5315e+10   1.3357e+00   1.5251e+00   1.2558e+00
  3.7584e+00   1.4753e-01   4.3770e+10   2.8397e+08   2.2302e+12   1.4469e+10   2.2538e+10   1.3357e+00   1.5603e+00   1.1634e+00
  4.2170e+00   1.3927e-01   3.8766e+10   2.5248e+08   2.3476e+12   1.5290e+10   2.2376e+10   1.1905e+00   1.3981e+00   1.0884e+00
  4.7315e+00   1.3148e-01   3.4959e+10   2.2816e+08   2.5161e+12   1.6421e+10   2.0493e+10   1.1905e+00   1.3820e+00   1.0883e+00
  5.3088e+00   1.2413e-01   3.0940e+10   2.0277e+08   2.6466e+12   1.7344e+10   1.9444e+10   1.0610e+00   1.3135e+00   1.0229e+00
  5.9566e+00   1.1718e-01   2.7582e+10   1.8001e+08   2.8041e+12   1.8300e+10   1.8150e+10   1.1905e+00   1.2113e+00   9.4901e-01
  6.6834e+00   1.1063e-01   2.4390e+10   1.6120e+08   2.9469e+12   1.9478e+10   1.6897e+10   9.4563e-01   1.1852e+00   9.3936e-01
  7.4989e+00   1.0444e-01   2.1840e+10   1.4407e+08   3.1363e+12   2.0689e+10   1.6329e+10   9.4563e-01   1.0837e+00   8.3810e-01
  8.4140e+00   9.8598e-02   1.9478e+10   1.2868e+08   3.3244e+12   2.1962e+10   1.4759e+10   8.4279e-01   1.0732e+00   8.0835e-01
  9.4406e+00   9.3082e-02   1.7429e+10   1.1188e+08   3.5355e+12   2.2694e+10   1.4395e+10   8.4279e-01   9.7982e-01   7.6808e-01
  1.0593e+01   8.7875e-02   1.5475e+10   9.9305e+07   3.7308e+12   2.3941e+10   1.3380e+10   6.6945e-01   9.5322e-01   7.1792e-01
  1.1885e+01   8.2959e-02   1.3846e+10   8.8768e+07   3.9674e+12   2.5434e+10   1.3113e+10   7.5114e-01   8.4381e-01   6.7815e-01
  1.3335e+01   7.8319e-02   1.2193e+10   7.8295e+07   4.1523e+12   2.6662e+10   1.1960e+10   7.5114e-01   8.3284e-01   6.4082e-01
  1.4962e+01   7.3938e-02   1.1086e+10   7.0883e+07   4.4868e+12   2.8688e+10   1.1306e+10   6.6945e-01   7.9586e-01   6.0947e-01
  1.6788e+01   6.9802e-02   9.7824e+09   6.3070e+07   4.7055e+12   3.0338e+10   1.0488e+10   6.6945e-01   7.5106e-01   5.9411e-01
  1.8836e+01   6.5897e-02   8.7847e+09   5.6681e+07   5.0221e+12   3.2404e+10   1.0149e+10   5.9665e-01   7.0809e-01   5.4497e-01
  2.1135e+01   6.2211e-02   7.6740e+09   4.9306e+07   5.2142e+12   3.3501e+10   9.2819e+09   5.3176e-01   6.6183e-01   5.2027e-01
  2.3714e+01   5.8731e-02   6.8581e+09   4.4016e+07   5.5382e+12   3.5545e+10   9.0162e+09   5.3176e-01   6.2170e-01   4.9740e-01
  2.6607e+01   5.5445e-02   6.1844e+09   4.0100e+07   5.9356e+12   3.8487e+10   8.4954e+09   4.7394e-01   5.9908e-01   4.5722e-01
  2.9854e+01   5.2344e-02   5.4804e+09   3.5620e+07   6.2514e+12   4.0631e+10   7.8949e+09   4.7394e-01   5.4690e-01   4.4075e-01
  3.3497e+01   4.9416e-02   4.8634e+09   3.1557e+07   6.5934e+12   4.2781e+10   7.5116e+09   4.2240e-01   5.2851e-01   4.2183e-01
  3.7584e+01   4.6652e-02   4.3513e+09   2.8309e+07   7.0110e+12   4.5613e+10   7.3008e+09   3.7646e-01   4.7841e-01   3.8982e-01
  4.2170e+01   4.4042e-02   3.8451e+09   2.5155e+07   7.3632e+12   4.8171e+10   6.4236e+09   4.2240e-01   4.7816e-01   3.8083e-01
  4.7315e+01   4.1578e-02   3.4168e+09   2.2157e+07   7.7764e+12   5.0429e+10   6.1724e+09   3.3552e-01   4.4641e-01   3.7228e-01
  5.3088e+01   3.9252e-02   3.0526e+09   2.0010e+07   8.2573e+12   5.4127e+10   5.8789e+09   3.7646e-01   4.1470e-01   3.4807e-01
  5.9566e+01   3.7057e-02   2.7228e+09   1.7840e+07   8.7533e+12   5.7352e+10   5.4791e+09   3.3552e-01   4.0425e-01   3.1818e-01
  6.6834e+01   3.4984e-02   2.4214e+09   1.5856e+07   9.2519e+12   6.0582e+10   5.0646e+09   3.7646e-01   3.8134e-01   3.1287e-01
  7.4989e+01   3.3027e-02   2.1482e+09   1.4141e+07   9.7550e+12   6.4217e+10   4.7314e+09   2.6651e-01   3.6068e-01   2.9485e-01
  8.4140e+01   3.1179e-02   1.9284e+09   1.2699e+07   1.0408e+13   6.8541e+10   4.5184e+09   2.6651e-01   3.3969e-01   2.7829e-01
  9.4406e+01   2.9435e-02   1.7034e+09   1.1273e+07   1.0927e+13   7.2310e+10   4.2535e+09   2.9903e-01   3.1884e-01   2.7431e-01




## section1end
