# lambda                 I [n/muAh]               dI                       I[n/s]
1.011603279000000022e+00 5.955623200000000061e-02 2.251013799999999898e-02 3.590061576206399963e+01
1.086951272000000079e+00 3.403213199999999966e-02 1.701606500000000036e-02 2.051463723386400062e+01
1.162299264000000054e+00 2.552409900000000148e-02 1.473634499999999965e-02 1.538597792539800224e+01
1.237647256999999890e+00 6.806426499999999880e-02 2.406435000000000171e-02 4.102927507052999800e+01
1.312995249999999947e+00 1.701606599999999983e-02 1.203217500000000086e-02 1.025731861693200031e+01
1.388343243000000005e+00 3.403213199999999966e-02 1.701606500000000036e-02 2.051463723386400062e+01
1.463691236000000062e+00 4.254016599999999731e-02 1.902453900000000003e-02 2.564329714513199932e+01
1.539039228999999898e+00 7.657229799999999698e-02 2.552409799999999854e-02 4.615793437899599638e+01
1.614387221999999955e+00 3.147972250000000138e-01 5.175234199999999979e-02 1.897603968244500265e+02
1.689735215000000013e+00 6.891506830000000416e-01 7.657229299999999961e-02 4.154214100137660353e+02
1.765083208000000070e+00 1.480397763000000033e+00 1.122286569999999956e-01 8.923867323319260549e+02
1.840431200000000045e+00 1.531445960999999967e+00 1.141472349999999997e-01 9.231586881827220168e+02
1.915779193000000102e+00 3.760550638999999862e+00 1.788711410000000113e-01 2.266867446290477801e+03
1.991127185999999938e+00 9.316296265000000076e+00 2.815374689999999847e-01 5.615882021134530078e+03
2.066475179000000217e+00 1.627331494999999961e+02 1.176664284999999976e+00 9.809586798489899957e+04
2.141823172000000053e+00 3.277889920000000075e+02 1.669981804000000070e+00 1.975918599555840192e+05
2.217171164999999888e+00 3.814746809999999755e+02 1.801554545999999979e+00 2.299537006561619928e+05
2.292519158000000168e+00 4.163406006999999818e+02 1.882083723999999902e+00 2.509709467831614020e+05
2.367867151000000003e+00 4.726467638999999963e+02 2.005316378999999927e+00 2.849124145724478294e+05
2.443215143000000200e+00 5.294208688999999595e+02 2.122340614000000070e+00 3.191359586146578076e+05
2.518563136000000036e+00 5.383883358000000499e+02 2.140239514000000121e+00 3.245415655969116488e+05
2.593911128999999871e+00 5.526137671999999839e+02 2.168330141000000211e+00 3.331166840956943925e+05
2.669259122000000151e+00 6.270080087000000049e+02 2.309676207999999953e+00 3.779616816603774205e+05
2.744607114999999986e+00 6.027941465000000107e+02 2.264639457999999994e+00 3.633655170984930010e+05
2.819955107999999822e+00 5.741986471999999821e+02 2.210271579000000042e+00 3.461280929294544039e+05
2.895303101000000101e+00 5.713909962000000178e+02 2.204861189999999915e+00 3.444356352913524024e+05
2.970651093999999937e+00 5.773891595999999709e+02 2.216403715999999857e+00 3.480513401851991657e+05
3.045999087000000216e+00 5.614621216000000459e+02 2.185620662999999908e+00 3.384504898247232195e+05
3.121347078999999969e+00 5.490318852000000334e+02 2.161291473999999990e+00 3.309575184623304522e+05
3.196695071999999804e+00 5.311309834999999566e+02 2.125765600999999894e+00 3.201668191157669644e+05
3.272043065000000084e+00 4.912623403000000053e+02 2.044425518000000164e+00 2.961339212575206184e+05
3.347391057999999919e+00 4.779813005999999973e+02 2.016601147999999899e+00 2.881280839642811916e+05
3.422739051000000199e+00 4.422730856000000017e+02 1.939812762999999940e+00 2.666031005458512227e+05
3.498087044000000034e+00 4.419582884000000149e+02 1.939122288999999943e+00 2.664133401640967932e+05
3.573435036999999870e+00 4.035360107999999855e+02 1.852915886999999984e+00 2.432523143822615966e+05
3.648783030000000149e+00 4.180422072999999727e+02 1.885925891000000076e+00 2.519966786448546045e+05
3.724131022999999985e+00 3.993840907000000016e+02 1.843359057000000023e+00 2.407495286421414057e+05
3.799479015000000182e+00 3.691890811000000099e+02 1.772307113999999961e+00 2.225479164652422187e+05
3.874827008000000017e+00 3.723966095999999766e+02 1.779989400000000055e+00 2.244814210600991792e+05
3.950175000999999853e+00 3.453410643000000277e+02 1.714109920000000065e+00 2.081722842421686219e+05
4.025522994000000132e+00 3.048087944999999763e+02 1.610379760000000049e+00 1.837393509421889903e+05
4.100870987000000412e+00 3.201402701999999749e+02 1.650382881999999940e+00 1.929811951571003883e+05
4.176218979999999803e+00 3.358716233999999758e+02 1.690445654999999991e+00 2.024640863287668035e+05
4.251566973000000083e+00 3.191618464000000017e+02 1.647858972999999949e+00 1.923913993336128187e+05
4.326914966000000362e+00 3.186343482999999992e+02 1.646496651999999949e+00 1.920734224239366013e+05
4.402262957999999671e+00 3.143888398000000279e+02 1.635490843999999999e+00 1.895142214091196365e+05
4.477610950999999950e+00 2.836237921000000028e+02 1.553409247999999909e+00 1.709689891254641989e+05
4.552958944000000230e+00 2.716700055000000020e+02 1.520321379000000084e+00 1.637632226554109948e+05
4.628306936999999621e+00 2.839130652000000055e+02 1.554201222000000104e+00 1.711433635286904173e+05
4.703654929999999901e+00 2.773023235000000000e+02 1.536000336999999938e+00 1.671583952104469936e+05
4.779002923000000180e+00 2.543136179999999911e+02 1.470954926000000107e+00 1.533007575576360105e+05
4.854350915999999572e+00 2.413643916000000047e+02 1.433016386000000031e+00 1.454949379852632119e+05
4.929698908999999851e+00 2.470052174999999863e+02 1.449664888000000040e+00 1.488952391194349912e+05
5.005046902000000131e+00 2.412197549999999922e+02 1.432586957000000050e+00 1.454077507535099867e+05
5.080394894000000328e+00 2.285512937000000022e+02 1.394461084000000017e+00 1.377711769449473941e+05
5.155742886999999719e+00 2.150830773000000136e+02 1.352750420000000009e+00 1.296525091625946079e+05
5.231090879999999999e+00 1.940682353999999918e+02 1.284966440000000043e+00 1.169847204355908034e+05
5.306438873000000278e+00 1.689525217000000055e+02 1.198938470999999950e+00 1.018449179858034040e+05
5.381786865999999669e+00 1.590236470000000111e+02 1.163175942999999934e+00 9.585977245889400365e+04
5.457134858999999949e+00 1.580707472999999936e+02 1.159685722000000085e+00 9.528536261393460154e+04
5.532482852000000229e+00 1.546335018999999988e+02 1.147007749999999993e+00 9.321338421232379915e+04
5.607830844999999620e+00 1.518768991999999969e+02 1.136738103000000111e+00 9.155169859155840822e+04
5.683178836999999817e+00 1.429094322999999918e+02 1.102668589999999949e+00 8.614609160930459620e+04
5.758526830000000096e+00 1.377365481999999872e+02 1.082528039000000053e+00 8.302786672805639682e+04
5.833874823000000376e+00 1.275609405999999950e+02 1.041773757000000078e+00 7.689399011556120240e+04
5.909222815999999767e+00 1.187636343000000068e+02 1.005208832999999968e+00 7.159095628330860927e+04
5.984570809000000047e+00 1.125357541000000055e+02 9.784977230000000414e-01 6.783677764298820694e+04
6.059918802000000326e+00 1.034661908000000068e+02 9.382396600000000308e-01 6.236962674662160862e+04
6.091433063000000203e+00 9.904507338999999888e+01 9.187791119999999534e-01 5.970456832963877969e+04
6.166781055999999595e+00 9.480064980000000219e+01 8.988771300000000242e-01 5.714602130073960143e+04
6.242129048999999874e+00 9.012155631999999628e+01 8.764134129999999745e-01 5.432545439280864230e+04
6.317477042000000154e+00 8.162418619999999692e+01 8.340730830000000484e-01 4.920322268973239989e+04
6.392825035000000433e+00 7.628030348999999433e+01 8.063078350000000283e-01 4.598191950437898049e+04
6.468173027999999825e+00 7.166939351999999985e+01 7.815585860000000551e-01 4.320245375264304312e+04
6.543521020000000021e+00 6.715223588000000632e+01 7.565278370000000363e-01 4.047950209293576336e+04
6.618869013000000301e+00 6.106685748000000302e+01 7.214354179999999950e-01 3.681122382265896158e+04
6.694217005999999692e+00 5.586786473000000086e+01 6.900422939999999450e-01 3.367726059497346432e+04
6.769564998999999972e+00 5.013192682999999761e+01 6.536599440000000483e-01 3.021962575697766079e+04
6.844912992000000251e+00 4.394427316000000161e+01 6.119921010000000106e-01 2.648969574939432277e+04
6.920260984999999643e+00 3.978507895999999988e+01 5.823107210000000311e-01 2.398252516724591987e+04
6.995608977999999922e+00 4.020270296999999715e+01 5.853590010000000454e-01 2.423426975572193987e+04
7.070956971000000202e+00 3.831913346000000331e+01 5.714819439999999640e-01 2.309885028795492326e+04
7.114979255999999808e+00 3.931288392999999814e+01 5.783183050000000325e-01 2.369788505877185889e+04
7.190327249000000087e+00 3.628423500000000246e+01 5.555951829999999925e-01 2.187220942647000265e+04
7.265675242000000367e+00 3.491453702999999820e+01 5.450076900000000446e-01 2.104655275075805912e+04
7.341023234999999758e+00 3.237931968000000182e+01 5.248477580000000531e-01 1.951831866174336028e+04
7.416371228000000038e+00 3.010783298000000130e+01 5.061033780000000482e-01 1.814906193600996266e+04
7.491719221000000317e+00 2.790440582000000092e+01 4.872320809999999836e-01 1.682083163710763984e+04
7.567067213999999709e+00 2.607530604999999824e+01 4.709927190000000041e-01 1.571824663755209986e+04
7.642415205999999905e+00 2.489277176999999952e+01 4.601888749999999972e-01 1.500541260849954051e+04
7.717763199000000185e+00 2.409307233999999909e+01 4.527365729999999755e-01 1.452335219269668050e+04
7.793111191999999576e+00 2.194919725999999827e+01 4.321244180000000101e-01 1.323102000672251961e+04
7.868459184999999856e+00 2.112397550000000024e+01 4.239233259999999892e-01 1.273357467935100067e+04
7.943807178000000135e+00 1.946502454999999898e+01 4.069367990000000157e-01 1.173355572878910061e+04
8.019155170999999527e+00 1.809532657999999827e+01 3.923581689999999789e-01 1.090789905307715890e+04
8.094503164000000695e+00 1.774652150000000006e+01 3.885582249999999793e-01 1.069763865324300059e+04
8.169851157000000086e+00 1.590040684999999954e+01 3.677931229999999996e-01 9.584797049993700057e+03
8.245199149999999477e+00 1.516876693999999937e+01 3.592316770000000270e-01 9.143763048965880444e+03
8.320547142000000562e+00 1.420742612999999999e+01 3.476619730000000130e-01 8.564264886016260789e+03
8.395895134999999954e+00 1.383309874000000050e+01 3.430514230000000220e-01 8.338619586669479759e+03
8.471243127999999345e+00 1.264205703000000014e+01 3.279505469999999812e-01 7.620657261798060063e+03
8.546591121000000513e+00 1.193593944000000029e+01 3.186601749999999900e-01 7.195008166310880370e+03
8.621939113999999904e+00 1.121280697000000082e+01 3.088564389999999826e-01 6.759102467129941033e+03
8.697287106999999295e+00 1.020892895999999972e+01 2.947064070000000036e-01 6.153962794945919995e+03
8.772635100000000463e+00 9.485796490000000247e+00 2.840772060000000265e-01 5.718057095764980659e+03
8.847983092999999855e+00 9.349677437000000424e+00 2.820316190000000112e-01 5.636004258378474333e+03
8.923331084999999163e+00 8.635052410000000123e+00 2.710391180000000233e-01 5.205226862852819977e+03
8.998679078000000331e+00 7.996994349999999585e+00 2.608332070000000114e-01 4.820604188168699693e+03
9.074027070999999722e+00 7.741771125999999725e+00 2.566372250000000244e-01 4.666755118295051943e+03
9.149375063999999114e+00 7.180280032999999840e+00 2.471554420000000030e-01 4.328287164452465731e+03
9.224723057000000281e+00 7.231324678000000006e+00 2.480324010000000134e-01 4.359056978547756444e+03
9.300071049999999673e+00 6.559236854999999977e+00 2.362251549999999922e-01 3.953921094667710349e+03
9.375419043000000840e+00 6.372073158000000070e+00 2.328304959999999979e-01 3.841098443788716395e+03
9.450767036000000232e+00 8.252217573999999445e+00 2.649627489999999974e-01 4.974453258042347443e+03
9.526115028999999623e+00 5.317150499000000252e+00 2.126860289999999987e-01 3.205188955098198221e+03
9.601463021000000708e+00 5.232076090999999707e+00 2.109776800000000008e-01 3.153905931806982153e+03
9.676811014000000100e+00 4.602525471999999951e+00 1.978780340000000082e-01 2.774411559572543865e+03
9.752159006999999491e+00 4.253720398999999652e+00 1.902321680000000070e-01 2.564151163957998051e+03
9.827507000000000659e+00 3.539095371999999795e+00 1.735184339999999992e-01 2.133373768432344150e+03
9.902854993000000050e+00 3.615662339000000003e+00 1.753853930000000005e-01 2.179528489273878222e+03
9.978202985999999441e+00 2.739395936999999837e+00 1.526605739999999933e-01 1.651313349615473953e+03
1.005355098000000069e+01 1.020892896000000105e+00 9.319434899999999578e-02 6.153962794945921360e+02
1.012889896999999984e+01 1.276116120000000131e-01 3.294917800000000258e-02 7.692453493682401700e+01
1.020424696000000075e+01 5.104464499999999960e-02 2.083888999999999880e-02 3.076981409529000189e+01
1.027959496000000073e+01 1.701488199999999854e-02 1.203133900000000027e-02 1.025660489936399955e+01
1.035494294999999987e+01 4.253720400000000207e-02 1.902321699999999852e-02 2.564151164560800211e+01
1.043029094000000079e+01 9.358184899999999473e-02 2.821598999999999982e-02 5.641132574089800045e+01
1.050563894000000076e+01 6.805952599999999519e-02 2.406267700000000107e-02 4.102641839185199757e+01
1.058098692999999990e+01 1.616413750000000038e-01 3.708307599999999954e-02 9.743774413275001223e+01
